[2, 6, 24, 26, 27, 30, 31, 34]
[6, 8, 15, 16, 17, 26, 30, 32]
[5, 8, 12, 16, 18, 21, 24, 35]
[8, 13, 15, 21, 23, 24, 25, 34]
[2, 3, 10, 11, 23, 30, 33, 35]
[5, 10, 11, 14, 15, 22, 23, 35]
[2, 5, 17, 22, 23, 24, 29, 35]
[4, 12, 13, 14, 16, 27, 28, 37]
[3, 6, 9, 19, 26, 28, 31, 34]
[9, 13, 18, 20, 21, 29, 31, 33]
[8, 13, 14, 21, 23, 31, 33, 37]
[4, 9, 11, 15, 19, 27, 28, 31]
[1, 3, 7, 16, 19, 20, 23, 27]
[1, 2, 4, 22, 23, 26, 28, 32]
[7, 11, 12, 17, 22, 24, 28, 36]
[1, 4, 9, 13, 22, 27, 33, 36]
[1, 7, 12, 15, 28, 30, 33, 36]
[7, 13, 14, 16, 23, 26, 32, 37]
[1, 5, 7, 19, 23, 25, 29, 35]
[4, 5, 8, 15, 23, 29, 31, 33]
[4, 16, 18, 21, 24, 26, 29, 32]
[1, 4, 9, 16, 19, 25, 29, 30]
[9, 10, 17, 21, 23, 29, 30, 32]
[3, 10, 14, 16, 18, 21, 33, 37]
[10, 12, 14, 19, 20, 25, 32, 36]
[4, 8, 9, 11, 14, 15, 34, 35]
[2, 3, 5, 7, 10, 16, 20, 24]
[2, 8, 9, 12, 16, 20, 28, 37]
[12, 14, 18, 21, 25, 32, 36, 37]
[14, 16, 19, 21, 22, 24, 26, 31]
[1, 10, 12, 16, 20, 26, 28, 37]
[3, 10, 12, 15, 18, 22, 32, 33]
[5, 9, 11, 20, 29, 30, 34, 37]
[2, 6, 8, 13, 19, 29, 31, 36]
[6, 10, 12, 16, 21, 24, 31, 33]
[1, 11, 12, 14, 25, 26, 27, 33]
[2, 9, 13, 14, 15, 19, 29, 36]
[2, 6, 13, 14, 18, 22, 25, 35]
[1, 9, 17, 20, 22, 27, 35, 37]
[3, 7, 8, 14, 17, 19, 22, 24]
[4, 7, 9, 12, 13, 22, 25, 34]
[1, 4, 5, 14, 27, 30, 31, 35]
[7, 10, 19, 20, 23, 28, 32, 34]
[9, 16, 23, 29, 30, 32, 34, 35]
[3, 15, 18, 23, 26, 33, 36, 37]
[4, 17, 20, 23, 26, 28, 31, 35]
[1, 4, 5, 20, 22, 29, 33, 34]
[6, 14, 21, 26, 27, 32, 34, 36]
[8, 11, 13, 15, 26, 29, 33, 34]
[1, 5, 8, 16, 18, 24, 27, 33]
Total raw Lines : 5794644
Required Lines : 50
Generated Lines : 50
------------------------------------------------------------------
Valid Number Occurances : 
{1=12, 2=9, 3=8, 4=12, 5=10, 6=7, 7=9, 8=11, 9=13, 10=10, 11=8, 12=12, 13=11, 14=15, 15=11, 16=15, 17=7, 18=9, 19=11, 20=11, 21=11, 22=12, 23=15, 24=11, 25=8, 26=13, 27=10, 28=10, 29=13, 30=9, 31=11, 32=11, 33=14, 34=11, 35=11, 36=9, 37=10}
Rule Occurances : 
{1=6, 2=8, 3=5, 4=8, 5=14, 6=6, 7=8, 8=8, 9=10, 10=11, 11=9, 12=10, 13=5, 14=8, 15=5, 16=7, 17=6, 18=7, 19=10, 20=3, 21=4, 22=8, 23=7, 24=6, 25=6, 26=6, 27=9, 28=6, 29=5, 30=5, 31=6, 32=8, 33=11, 34=4, 35=9, 36=7, 37=5}
------------------------------------------------------------------
Rules Applied:
Single Rules Applied : 
{11=8, 33=14, 23=15, 35=11, 25=8, 14=15, 26=13, 15=11, 37=10, 27=10, 28=10, 29=13, 19=11, 2=9, 4=12, 5=10, 7=9, 8=11, 9=13, 31=11, 32=11, 21=11}
Multi Rules Applied : 
{[22, 31]=1, [7, 16]=3, [35, 6]=1, [23, 26, 33]=1, [8, 17]=2, [6, 31]=4, [5, 15]=2, [4, 7]=1, [23, 32]=5, [8, 21]=3, [31, 12]=1, [12, 18]=3, [9, 29]=6, [13, 22]=3, [11, 29]=2, [3, 37]=2, [14, 35]=4, [11, 33]=3, [1, 36]=2, [33, 36]=3, [1, 19]=3, [7, 27]=1, [8, 16]=4, [23, 33]=4, [34, 37]=1, [9, 18]=1, [33, 7]=1, [4, 31]=4, [16, 19]=3, [24, 27]=2, [7, 34]=2, [15, 30]=2, [10, 19]=2, [25, 27]=1, [8, 15]=5, [2, 8]=2, [10, 11]=2, [17, 35]=3, [9, 19]=4, [14, 17]=1, [14, 29]=1, [11, 35]=3, [32, 14]=4, [27, 28]=2, [12, 33, 36]=1, [1, 10]=1, [9, 11]=3, [36, 9]=2, [12, 6]=1, [8, 26]=2, [2, 26]=2, [26, 35]=1, [23, 35]=6, [16, 21, 5]=1, [5, 30]=2, [6, 24]=2, [14, 34]=2, [32, 25]=2, [11, 22]=2, [16, 25]=1, [4, 33]=3, [1, 28]=3, [28, 31]=3, [3, 21]=1, [10, 37]=2, [5, 23]=4, [2, 29]=3, [36, 7]=2, [27, 30]=2, [21, 22]=1, [13, 26]=2, [4, 22]=4, [14, 5]=2, [1, 27]=6, [25, 12]=4, [5, 12]=1, [13, 31]=3, [10, 30]=2, [2, 32]=1, [11, 12]=2, [27, 4]=4, [5, 9]=1, [22, 24]=4, [14, 20]=1, [4, 12]=2, [12, 24]=3, [18, 24]=3, [12, 36]=4, [18, 36]=2, [22, 2]=3, [19, 29]=4, [8, 35]=2, [10, 15]=2, [15, 18]=2, [8, 11]=2, [23, 14]=3, [9, 27]=3, [19, 20]=3, [2, 35]=3, [16, 34]=1, [24, 30]=1, [2, 11]=1, [6, 33]=1, [35, 32]=1, [19, 28]=3, [3, 9]=1, [22, 33]=3, [16, 18]=4, [4, 13]=3, [1, 37]=2, [7, 25]=2, [10, 28]=2, [2, 5]=2, [17, 5]=1, [6, 28]=1, [5, 10]=2, [17, 26]=2, [32, 33]=1, [5, 7]=2}
Number of attempts: 26102




[2, 11, 12, 21, 25, 27, 31, 33]
[1, 6, 14, 16, 25, 28, 29, 33]
[3, 4, 7, 9, 11, 14, 18, 36]
[2, 4, 10, 14, 15, 26, 32, 33]
[3, 14, 19, 22, 26, 27, 28, 36]
[2, 3, 4, 7, 10, 14, 32, 35]
[14, 16, 22, 23, 24, 29, 33, 36]
[1, 2, 4, 5, 12, 27, 28, 36]
[5, 9, 15, 16, 17, 19, 31, 34]
[4, 9, 12, 18, 20, 27, 28, 32]
[2, 4, 6, 15, 19, 22, 23, 25]
[1, 2, 3, 4, 6, 7, 13, 36]
[1, 6, 17, 24, 27, 31, 32, 37]
[1, 12, 13, 15, 18, 26, 35, 37]
[3, 16, 17, 25, 27, 34, 35, 36]
[7, 9, 12, 21, 22, 28, 30, 31]
[3, 7, 10, 12, 13, 14, 28, 37]
[11, 12, 15, 22, 26, 29, 30, 37]
[4, 5, 14, 16, 20, 29, 31, 33]
[1, 10, 19, 21, 24, 30, 34, 37]
[1, 7, 9, 10, 16, 18, 29, 30]
[2, 9, 10, 18, 19, 29, 32, 35]
[6, 8, 10, 15, 18, 20, 28, 37]
[8, 11, 14, 18, 20, 30, 32, 34]
[13, 16, 22, 24, 28, 29, 33, 35]
[6, 9, 15, 22, 24, 25, 28, 30]
[7, 8, 9, 22, 24, 26, 28, 35]
[3, 12, 15, 18, 21, 23, 25, 29]
[5, 7, 11, 20, 22, 28, 30, 31]
[7, 13, 15, 19, 23, 24, 27, 29]
[2, 5, 7, 8, 9, 17, 23, 28]
[7, 12, 13, 21, 24, 25, 26, 37]
[7, 8, 20, 21, 26, 27, 31, 35]
[2, 3, 4, 5, 13, 16, 17, 20]
[3, 8, 9, 14, 21, 27, 30, 37]
[8, 13, 19, 23, 27, 29, 35, 36]
[1, 9, 11, 22, 25, 26, 29, 33]
[3, 5, 8, 12, 20, 24, 31, 35]
[3, 4, 8, 9, 15, 18, 26, 35]
[4, 10, 11, 18, 19, 20, 23, 24]
[1, 3, 5, 10, 16, 24, 30, 36]
[9, 10, 14, 16, 23, 30, 33, 34]
[1, 4, 7, 9, 11, 13, 33, 35]
[7, 8, 19, 21, 27, 28, 29, 34]
[1, 3, 12, 19, 25, 32, 36, 37]
[13, 19, 21, 23, 26, 28, 33, 37]
[2, 6, 12, 18, 22, 23, 28, 29]
[9, 14, 15, 22, 28, 33, 35, 36]
[2, 4, 11, 14, 17, 20, 35, 36]
[14, 16, 17, 20, 26, 31, 33, 34]

-----------------------------------------Statistics--------------------------------------------------------------------------------------------------
Total raw lines: 3616824
Required lines: 50
Generated valid lines: 50
Total valid single rules applied: 246
Total valid multi rules applied: 269

-----------------------------------------Valid Line and Rule Occurances----------------------------------------------------------------------------------
Valid number occurances: 
{1=11, 2=11, 3=13, 4=13, 5=8, 6=7, 7=14, 8=10, 9=15, 10=10, 11=9, 12=12, 13=10, 14=14, 15=11, 16=11, 17=7, 18=11, 19=11, 20=11, 21=9, 22=12, 23=10, 24=11, 25=9, 26=11, 27=11, 28=16, 29=13, 30=10, 31=9, 32=7, 33=12, 34=7, 35=13, 36=11, 37=10}
-------------------------------------------------------------------------------------------------------------------------------------------
Valid single rules applied details: 
{11=9, 33=12, 23=10, 35=13, 25=9, 14=14, 15=11, 26=11, 37=10, 27=11, 28=16, 29=13, 19=11, 2=11, 4=13, 5=8, 7=14, 8=10, 9=15, 31=9, 21=9, 32=7}
-------------------------------------------------------------------------------------------------------------------------------------------
Valid multi rules applied details: 
{[22, 31]=2, [7, 16]=1, [23, 26, 33]=1, [8, 17]=1, [5, 15]=1, [6, 31]=1, [4, 7]=4, [8, 21]=3, [31, 12]=3, [12, 18]=4, [11, 29]=2, [9, 29]=3, [13, 22]=1, [13, 10]=1, [3, 37]=3, [14, 35]=3, [11, 33]=3, [1, 36]=4, [33, 36]=2, [19, 32, 9]=1, [1, 19]=2, [7, 27]=3, [23, 33]=3, [34, 37]=1, [9, 18]=5, [33, 7]=1, [16, 19]=1, [4, 31]=1, [24, 27]=2, [7, 34]=1, [15, 30]=2, [10, 19]=3, [25, 27]=2, [8, 15]=2, [2, 8]=1, [10, 11]=1, [17, 35]=2, [9, 19]=2, [14, 17]=2, [14, 29]=3, [11, 35]=2, [32, 14]=3, [27, 28]=4, [1, 10]=3, [9, 11]=3, [36, 9]=2, [12, 6]=1, [8, 26]=3, [2, 26]=1, [26, 35]=4, [23, 35]=1, [5, 30]=2, [6, 24]=2, [3, 4]=5, [19, 37]=3, [14, 34]=3, [32, 25]=1, [16, 25]=2, [11, 22]=3, [4, 33]=3, [1, 28]=2, [28, 31]=2, [10, 37]=3, [3, 21]=2, [5, 23]=1, [2, 29]=2, [36, 7]=2, [21, 22]=1, [27, 30]=1, [13, 26]=3, [18, 19]=2, [4, 22]=1, [14, 5]=1, [1, 27]=2, [25, 12]=4, [5, 12]=2, [10, 30]=4, [2, 32]=3, [11, 12]=2, [27, 4]=2, [5, 9]=2, [22, 24]=4, [14, 20]=4, [4, 12]=2, [12, 24]=2, [18, 24]=1, [18, 36]=1, [12, 36]=2, [22, 2]=2, [19, 29]=4, [10, 15]=2, [15, 18]=4, [8, 35]=5, [8, 11]=1, [23, 14]=2, [9, 27]=2, [19, 20]=1, [2, 35]=3, [16, 34]=4, [2, 11]=2, [6, 33]=1, [24, 30]=3, [35, 32]=2, [19, 28]=3, [3, 9]=3, [22, 33]=4, [16, 18]=1, [4, 13]=3, [1, 37]=4, [7, 25]=1, [10, 28]=2, [2, 5]=3, [17, 5]=3, [6, 28]=4, [5, 10]=1, [17, 26]=1, [32, 33]=1, [5, 7]=2}
-------------------------------------------------------------------------------------------------------------------------------------------
Total number of raw attempts: 16292
Total number of valid occurances attempts: 2
Total number of valid rule attempts: 1

Process finished with exit code 0
